begin 0
    0 36 1 "8"
    0 37 2 "6"
    0 39 1 "8"
    0 40 2 "6"
    0 41 1 "8"
    0 42 2 "6"
    0 43 1 "8"
    0 44 2 "6"
    0 71 1 "8"
    0 72 2 "6"
    0 73 1 "8"
    0 74 2 "6"
    0 77 1 "8"
    0 78 2 "6"
    0 82 1 "8"
    0 83 2 "6"
    0 86 1 "8"
    0 87 2 "6"
    0 89 1 "8"
    0 89 1 "8"
    0 89 2 "6"
    0 89 2 "6"
    0 90 1 "8"
    0 90 1 "8"
    0 90 2 "6"
    0 90 2 "6"
    0 91 1 "8"
    0 91 1 "8"
    0 91 2 "6"
    0 91 2 "6"
    0 92 1 "8"
    0 92 1 "8"
    0 92 2 "6"
    0 92 2 "6"
    0 93 1 "8"
    0 93 1 "8"
    0 93 2 "6"
    0 93 2 "6"
    0 94 1 "8"
    0 94 1 "8"
    0 94 2 "6"
    0 94 2 "6"
    0 96 1 "8"
    0 96 1 "8"
    0 96 2 "6"
    0 96 2 "6"
    0 97 1 "8"
    0 97 1 "8"
    0 97 2 "6"
    0 97 2 "6"
    0 98 1 "8"
    0 98 1 "8"
    0 98 2 "6"
    0 98 2 "6"
    0 99 1 "8"
    0 99 1 "8"
    0 99 2 "6"
    0 99 2 "6"
    0 100 1 "8"
    0 100 1 "8"
    0 100 1 "8"
    0 100 1 "8"
    0 101 1 "8"
    0 101 1 "8"
    0 101 1 "8"
    0 101 1 "8"
    0 102 2 "6"
    0 102 2 "6"
    0 102 2 "6"
    0 102 2 "6"
    0 103 2 "6"
    0 103 2 "6"
    0 103 2 "6"
    0 103 2 "6"
    0 123 1 "8"
    0 123 1 "8"
    0 123 2 "6"
    0 123 2 "6"
    0 124 1 "8"
    0 124 1 "8"
    0 124 2 "6"
    0 124 2 "6"
    0 125 1 "8"
    0 125 1 "8"
    0 125 2 "6"
    0 125 2 "6"
    0 126 1 "8"
    0 126 1 "8"
    0 126 2 "6"
    0 126 2 "6"
    0 138 1 "8"
    0 139 2 "6"
    0 141 1 "8"
    0 142 2 "6"
    0 146 1 "8"
    0 146 1 "8"
    0 147 2 "6"
    0 147 2 "6"
    0 150 1 "8"
    0 150 1 "8"
    0 151 2 "6"
    0 151 2 "6"
    0 154 1 "8"
    0 154 1 "8"
    0 155 2 "6"
    0 155 2 "6"
    0 158 1 "8"
    0 158 1 "8"
    0 159 2 "6"
    0 159 2 "6"
    0 162 1 "8"
    0 162 1 "8"
    0 163 2 "6"
    0 163 2 "6"
    0 166 1 "8"
    0 167 2 "6"
    0 178 1 "8"
    0 179 2 "6"
    0 180 1 "8"
    0 181 2 "6"
    0 246 2 "6"
    0 250 2 "6"
    0 273 3 "3'd0"
    0 282 4 "3'd1"
    0 284 4 "3'd1"
    0 293 5 "3'd2"
    0 295 5 "3'd2"
    0 304 6 "3'd3"
    0 306 9 "3'd6"
    0 315 6 "3'd3"
    0 317 6 "3'd3"
    0 326 7 "3'd4"
    0 328 7 "3'd4"
    0 337 9 "3'd6"
    0 337 8 "3'd5"
    0 339 8 "3'd5"
    0 348 3 "3'd0"
    0 362 3 "3'd0"
    0 384 1 "8"
    0 385 2 "6"
    0 386 1 "8"
    0 387 2 "6"
end
