begin 0
    0 37 1 "8"
    0 38 2 "6"
    0 40 1 "8"
    0 41 2 "6"
    0 42 1 "8"
    0 43 2 "6"
    0 44 1 "8"
    0 45 2 "6"
    0 72 1 "8"
    0 73 2 "6"
    0 74 1 "8"
    0 75 2 "6"
    0 78 1 "8"
    0 79 2 "6"
    0 82 1 "8"
    0 83 2 "6"
    0 84 1 "8"
    0 85 2 "6"
    0 90 1 "8"
    0 91 2 "6"
    0 93 1 "8"
    0 93 1 "8"
    0 93 2 "6"
    0 93 2 "6"
    0 94 1 "8"
    0 94 1 "8"
    0 94 2 "6"
    0 94 2 "6"
    0 95 1 "8"
    0 95 1 "8"
    0 95 2 "6"
    0 95 2 "6"
    0 96 1 "8"
    0 96 1 "8"
    0 96 2 "6"
    0 96 2 "6"
    0 97 1 "8"
    0 97 1 "8"
    0 97 2 "6"
    0 97 2 "6"
    0 98 1 "8"
    0 98 1 "8"
    0 98 2 "6"
    0 98 2 "6"
    0 100 1 "8"
    0 100 1 "8"
    0 100 1 "8"
    0 100 1 "8"
    0 101 2 "6"
    0 101 2 "6"
    0 101 2 "6"
    0 101 2 "6"
    0 102 1 "8"
    0 102 1 "8"
    0 102 2 "6"
    0 102 2 "6"
    0 103 1 "8"
    0 103 1 "8"
    0 103 2 "6"
    0 103 2 "6"
    0 104 1 "8"
    0 104 1 "8"
    0 104 2 "6"
    0 104 2 "6"
    0 105 1 "8"
    0 105 1 "8"
    0 105 2 "6"
    0 105 2 "6"
    0 106 1 "8"
    0 106 1 "8"
    0 106 1 "8"
    0 106 1 "8"
    0 107 2 "6"
    0 107 2 "6"
    0 107 2 "6"
    0 107 2 "6"
    0 132 1 "8"
    0 132 1 "8"
    0 132 2 "6"
    0 132 2 "6"
    0 134 1 "8"
    0 134 1 "8"
    0 134 2 "6"
    0 134 2 "6"
    0 136 1 "8"
    0 136 1 "8"
    0 136 2 "6"
    0 136 2 "6"
    0 138 1 "8"
    0 138 1 "8"
    0 138 2 "6"
    0 138 2 "6"
    0 156 1 "8"
    0 157 2 "6"
    0 159 1 "8"
    0 160 2 "6"
    0 164 1 "8"
    0 164 1 "8"
    0 165 2 "6"
    0 165 2 "6"
    0 168 1 "8"
    0 168 1 "8"
    0 169 2 "6"
    0 169 2 "6"
    0 172 1 "8"
    0 172 1 "8"
    0 173 2 "6"
    0 173 2 "6"
    0 176 1 "8"
    0 176 1 "8"
    0 177 2 "6"
    0 177 2 "6"
    0 180 1 "8"
    0 180 1 "8"
    0 181 2 "6"
    0 181 2 "6"
    0 184 1 "8"
    0 185 2 "6"
    0 196 1 "8"
    0 197 2 "6"
    0 198 1 "8"
    0 199 2 "6"
    0 264 2 "6"
    0 268 2 "6"
    0 295 3 "3'd0"
    0 304 4 "3'd1"
    0 306 4 "3'd1"
    0 315 5 "3'd2"
    0 317 5 "3'd2"
    0 326 6 "3'd3"
    0 328 6 "3'd3"
    0 337 7 "3'd4"
    0 339 7 "3'd4"
    0 348 6 "3'd3"
    0 348 9 "3'd6"
    0 350 9 "3'd6"
    0 359 3 "3'd0"
    0 373 3 "3'd0"
    0 398 1 "8"
    0 399 2 "6"
    0 400 1 "8"
    0 401 2 "6"
end
